-,+  1990 01 07    20   9
+,-  1990 01 16     9  20
-,+  1990 02 05    20  11
+,-  1990 02 16    11  15
-,+  1990 03 03    15  11
+,-  1990 03 14    11  19
-,+  1990 04 02    19   8
+,-  1990 04 10     8  21
-,+  1990 05 01    21   9
+,-  1990 05 10     9   5
-,+  1990 05 22     5  16
+,-  1990 06 07    16  16
-,+  1990 06 23    16   6
+,-  1990 06 29     6   5
-,+  1990 07 19    14   7
+,-  1990 07 26     7  19
-,+  1990 08 14    19  13
+,-  1990 08 27    13  15
-,+  1990 09 11    15  14
+,-  1990 09 25    14  15
-,+  1990 10 10    15  12
+,-  1990 10 22    12  18
-,+  1990 11 09    18   5
+,-  1990 11 20     4  14
-,+  1990 12 04    14   6
+,-  1990 12 17     4   6
-,+  1990 12 23     6   5
+,-  1991 01 04     4   4
-,+  1991 01 08     4   4
+,-  1991 01 12     4   9
+,-  1991 01 31     6   4
-,+  1991 02 04     4   4
+,-  1991 02 08     4  12
-,+  1991 02 20    12   7
+,-  1991 02 27     7  13
-,+  1991 03 12    13   6
+,-  1991 03 25     4  16
-,+  1991 04 10    16  14
+,-  1991 04 24    14  13
-,+  1991 05 07    13   5
+,-  1991 05 22     8  11
+,-  1991 06 17     4  14
-,+  1991 07 01    14  12
+,-  1991 07 13    12  19
-,+  1991 08 01    19  10
+,-  1991 08 11    10   9
-,+  1991 08 20     9   5
+,-  1991 09 08    12  12
+,-  1991 10 05    10  16
-,+  1991 11 16     4  13
+,-  1991 11 29    13  17
-,+  1991 12 16    17  10
+,-  1992 01 26    13   7
-,+  1992 02 02     7   6
+,-  1992 02 18     8  12
-,+  1992 03 01    12  17
+,-  1992 03 18    17  15
-,+  1992 04 02    15  17
+,-  1992 04 19    17   9
-,+  1992 04 28     9  13
+,-  1992 05 18     5   9
-,+  1992 05 27     9  19
+,-  1992 07 01     8   5
+,-  1992 07 27     7   9
-,+  1992 08 05     9  10
+,-  1992 08 15    10  11
-,+  1992 08 26    11  16
+,-  1992 09 11    16   4
-,+  1992 09 26     8  17
+,-  1992 10 13    17  12
-,+  1992 10 25    12  15
+,-  1992 11 09    15  13
-,+  1992 11 22    13   5
+,-  1992 12 07     7  13
-,+  1992 12 20    13  12
+,-  1993 01 01    12  10
+,-  1993 01 31     7   5
-,+  1993 02 14     7  16
+,-  1993 03 02    16  18
-,+  1993 03 20    18   7
+,-  1993 03 27     7  16
-,+  1993 04 17     4  19
+,-  1993 05 06    19   6
+,-  1993 06 03    20   7
-,+  1993 06 10     7  11
+,-  1993 06 29     6   9
-,+  1993 07 08     9  19
+,-  1993 07 27    19   9
-,+  1993 08 05     9  18
+,-  1993 08 23    18  10
-,+  1993 09 02    10  12
+,-  1993 09 22     6   7
-,+  1993 09 29     7   6
+,-  1993 10 05     6   8
-,+  1993 10 13     8   7
+,-  1993 10 20     7   7
+,-  1993 11 18    13  14
-,+  1993 12 02    14   9
-,+  1993 12 30    15  12
+,-  1994 01 11    12  15
-,+  1994 01 26    15   7
-,+  1994 02 22    15  11
+,-  1994 03 05    11  16
-,+  1994 03 21    16  12
+,-  1994 04 02    12  17
-,+  1994 04 19    17  12
+,-  1994 05 01    12  13
-,+  1994 05 14    13  14
+,-  1994 05 28    14  13
-,+  1994 06 10    13  16
+,-  1994 06 26    16  11
-,+  1994 07 07    11   4
+,-  1994 07 23    11  14
+,-  1994 08 22    14   9
+,-  1994 09 14     9  12
-,+  1994 09 26    12  17
+,-  1994 10 13    17  10
-,+  1994 10 23    10  17
+,-  1994 11 09    17  10
-,+  1994 11 19    10  17
+,-  1994 12 06    17   9
-,+  1994 12 15     9   5
+,-  1994 12 20     5   4
-,+  1994 12 24     4   9
+,-  1995 01 02     9   9
-,+  1995 01 11     9   5
+,-  1995 01 16     5   6
-,+  1995 01 22     6   7
+,-  1995 01 29     7   8
-,+  1995 02 06     8   5
+,-  1995 02 11     5   6
-,+  1995 02 17     6   9
+,-  1995 02 26     9   7
-,+  1995 03 05     7   4
+,-  1995 03 09     4   9
-,+  1995 03 18     9   8
+,-  1995 03 26     8   4
-,+  1995 03 30     4   7
+,-  1995 04 06     7   9
-,+  1995 04 15     9   4
+,-  1995 04 19     4   7
-,+  1995 04 26     7   6
+,-  1995 05 02     6  11
-,+  1995 05 13    11   4
+,-  1995 05 17     4   6
-,+  1995 05 23     6   7
+,-  1995 05 30     7   9
-,+  1995 06 08     9   6
+,-  1995 06 14     6   5
-,+  1995 06 19     5   6
+,-  1995 06 25     6   9
-,+  1995 07 04     9   6
+,-  1995 07 24    11   8
-,+  1995 08 01     8   5
+,-  1995 08 20    12   5
-,+  1995 08 25     5  21
+,-  1995 09 16    21   7
-,+  1995 09 23     7   5
+,-  1995 09 28     5   4
-,+  1995 10 02     4  16
+,-  1995 10 25     5   6
-,+  1995 10 31     6  13
+,-  1995 11 13    13   5
-,+  1995 11 18     5   4
+,-  1995 11 22     4   7
-,+  1995 11 29     7   5
+,-  1995 12 04     5   5
+,-  1995 12 20     5   4
-,+  1995 12 24     4   7
+,-  1995 12 31     7   6
-,+  1996 01 20    13   5
+,-  1996 01 25     5  21
-,+  1996 04 26    17   6
-,+  1996 05 09     5   4
+,-  1996 05 13     4  10
-,+  1996 06 05     7  10
+,-  1996 06 15    10   4
-,+  1996 06 19     4   9
+,-  1996 07 12    11   5
-,+  1996 07 17     5  21
+,-  1996 08 07    21   6
-,+  1996 08 13     6  21
+,-  1996 09 04    21   6
-,+  1996 09 10     6  19
+,-  1996 09 29    19   9
-,+  1996 10 08     9  19
+,-  1996 10 27    19   8
-,+  1996 11 04     8  20
+,-  1996 11 24    20   7
-,+  1996 12 09     6  12
-,+  1997 01 07     8  12
+,-  1997 01 19    12  16
+,-  1997 02 13     6  20
-,+  1997 03 05    20   7
+,-  1997 03 12     7   7
-,+  1997 04 12    21   4
+,-  1997 04 16     4  12
-,+  1997 05 11    11   4
+,-  1997 05 15     4   5
-,+  1997 06 12     4   7
-,+  1997 07 03     8   4
+,-  1997 07 07     4   4
-,+  1997 07 11     4  13
+,-  1997 07 24    13   6
-,+  1997 07 30     6   6
+,-  1997 08 05     6   4
-,+  1997 08 09     4  16
-,+  1997 09 09     9  14
+,-  1997 10 03     7   4
-,+  1997 10 07     4  15
+,-  1997 11 16    12  17
-,+  1997 12 03    17   4
+,-  1997 12 07     4   8
-,+  1997 12 21     4   4
+,-  1997 12 25     4   4
-,+  1997 12 29     4   8
-,+  1998 01 22    11   8
+,-  1998 01 30     8   7
-,+  1998 02 23    15   4
+,-  1998 02 27     4   6
-,+  1998 03 05     6   5
+,-  1998 03 10     5  11
-,+  1998 04 14     7  10
+,-  1998 04 24    10   7
-,+  1998 05 16    12   4
+,-  1998 05 20     4   8
-,+  1998 05 28     8   5
+,-  1998 06 02     5   9
-,+  1998 06 11     9   7
+,-  1998 06 18     7   6
-,+  1998 06 24     6   8
+,-  1998 07 02     8   8
-,+  1998 07 10     8   6
+,-  1998 07 16     6   5
-,+  1998 07 21     5   8
+,-  1998 09 02    11  10
-,+  1998 09 12    10  14
+,-  1998 09 26    14  11
-,+  1998 10 07    11   7
+,-  1998 10 27    10   6
-,+  1998 11 02     6   7
+,-  1998 11 09     7  10
-,+  1998 11 19    10   4
+,-  1998 11 23     4   8
-,+  1998 12 01     8  11
+,-  1998 12 12    11   6
-,+  1998 12 18     6  17
+,-  1999 01 04    17  10
-,+  1999 01 14    10  20
+,-  1999 02 03    20   9
-,+  1999 02 12     9   6
+,-  1999 02 28     8  10
-,+  1999 03 10    10  19
+,-  1999 03 29    19  11
-,+  1999 04 09    11  17
+,-  1999 04 26    17   9
-,+  1999 05 05     9   8
+,-  1999 05 24     8  10
-,+  1999 06 03    10   5
+,-  1999 06 08     5   8
-,+  1999 06 16     8   7
+,-  1999 07 02     7  11
-,+  1999 07 13    11   5
+,-  1999 07 30    10   7
-,+  1999 08 06     7   4
+,-  1999 08 10     4   6
-,+  1999 08 16     6   9
+,-  1999 08 25     9   5
-,+  1999 08 30     5   8
+,-  1999 09 07     8   5
-,+  1999 09 12     5  10
+,-  1999 09 22    10   5
-,+  1999 09 27     5   6
+,-  1999 10 03     6   7
-,+  1999 10 10     7  11
+,-  1999 10 30     7   8
-,+  1999 11 07     8   6
+,-  1999 11 13     6  10
-,+  1999 12 02     7  11
+,-  1999 12 13    11  11
-,+  1999 12 31     4  10
+,-  2000 01 10    10  10
-,+  2000 01 27     4  10
+,-  2000 02 06    10   9
-,+  2000 02 15     9  20
+,-  2000 03 06    20  10
-,+  2000 03 16    10  15
+,-  2000 03 31    15  13
-,+  2000 04 13    13  14
+,-  2000 04 27    14  15
-,+  2000 05 12    15  12
+,-  2000 05 24    12  14
-,+  2000 06 07    14   6
+,-  2000 06 22     8  12
-,+  2000 07 04    12  10
+,-  2000 07 14    10  18
-,+  2000 08 01    18  12
-,+  2000 08 28    11  12
+,-  2000 09 09    12   6
-,+  2000 09 25     9   9
+,-  2000 10 04     9   6
-,+  2000 10 10     6   5
+,-  2000 10 15     5   7
-,+  2000 10 22     7   9
+,-  2000 10 31     9   4
-,+  2000 11 04     4   4
+,-  2000 11 08     4  10
-,+  2000 11 18    10   6
+,-  2000 11 24     6   7
-,+  2000 12 01     7   6
+,-  2000 12 07     6  10
-,+  2000 12 17    10   6
+,-  2000 12 23     6   6
-,+  2000 12 29     6   6
+,-  2001 01 04     6   7
-,+  2001 01 11     7   5
-,+  2001 01 29     9  15
+,-  2001 02 13    15  14
-,+  2001 02 27    14  13
+,-  2001 03 12    13   9
-,+  2001 04 24    18  12
+,-  2001 05 06    12  12
+,-  2001 06 02    10  13
-,+  2001 06 15    13  12
+,-  2001 06 27    12  15
-,+  2001 07 12    15  12
+,-  2001 07 24    12  12
-,+  2001 08 05    12   5
+,-  2001 08 18     5  14
-,+  2001 09 01    14  13
+,-  2001 09 14    13  13
-,+  2001 10 08     5   4
+,-  2001 10 12     4   4
-,+  2001 10 16     4   7
+,-  2001 10 23     7   4
-,+  2001 10 27     4   6
-,+  2001 11 15     8   9
+,-  2001 11 24     9  16
+,-  2001 12 24     8  14
-,+  2002 01 07    14  13
+,-  2002 01 20    13  16
-,+  2002 02 05    16  11
-,+  2002 03 04    11  15
+,-  2002 03 19    15   7
-,+  2002 03 26     7  21
+,-  2002 05 06    16  13
-,+  2002 05 19    13  14
+,-  2002 06 02    14  14
-,+  2002 06 16    14  11
+,-  2002 06 27    11  15
-,+  2002 07 12    15   8
-,+  2002 08 08    15  11
+,-  2002 08 19    11  15
-,+  2002 09 03    15  12
+,-  2002 09 15    12  14
-,+  2002 09 29    14  15
+,-  2002 10 14    15  10
-,+  2002 10 24    10  17
+,-  2002 11 10    17  11
-,+  2002 11 21    11  15
+,-  2002 12 06    15  12
+,-  2003 01 03    11  14
-,+  2003 01 17    14  13
+,-  2003 01 30    13  14
-,+  2003 02 13    14  14
+,-  2003 02 27    14  13
-,+  2003 03 12    13  14
+,-  2003 03 26    14  13
-,+  2003 04 08    13  12
+,-  2003 04 20    12  15
-,+  2003 05 05    15  13
+,-  2003 05 18    13  12
-,+  2003 05 30    12  14
+,-  2003 06 13    14  14
-,+  2003 06 27    14  14
+,-  2003 07 11    14  16
-,+  2003 07 27    16   8
+,-  2003 08 04     8  16
-,+  2003 08 20    16  12
+,-  2003 09 01    12  15
-,+  2003 09 16    15  14
+,-  2003 09 30    14  13
-,+  2003 10 13    13   9
+,-  2003 10 22     9   8
-,+  2003 11 08     8  13
+,-  2003 11 21    13  14
-,+  2003 12 05    14  15
+,-  2003 12 20    15  11
-,+  2003 12 31    11  14
+,-  2004 01 14    14  14
-,+  2004 01 28    14  14
+,-  2004 02 11    14  16
-,+  2004 02 27    16  12
+,-  2004 03 10    12  14
-,+  2004 03 24    14  10
+,-  2004 04 03    10  18
-,+  2004 04 21    18  10
+,-  2004 05 01    10  17
-,+  2004 05 18    17  11
+,-  2004 05 29    11  14
-,+  2004 06 12    14  13
+,-  2004 06 25    13  14
-,+  2004 07 09    14  10
+,-  2004 07 19    10   4
-,+  2004 07 23     4   4
+,-  2004 07 27     4  11
-,+  2004 08 07    11   7
+,-  2004 08 14     7   5
-,+  2004 08 19     5   6
+,-  2004 08 25     6  11
-,+  2004 09 05    11   5
+,-  2004 09 10     5   4
-,+  2004 09 14     4   5
+,-  2004 09 19     5  14
-,+  2004 10 03    14   4
+,-  2004 10 07     4   4
-,+  2004 10 11     4   6
+,-  2004 10 17     6  12
-,+  2004 10 29    12   5
+,-  2004 11 03     5   5
-,+  2004 11 08     5   4
+,-  2004 11 12     4  12
-,+  2004 11 24    12   5
+,-  2004 11 29     5   7
-,+  2004 12 06     7   5
+,-  2004 12 11     5  11
-,+  2004 12 30     5   7
+,-  2005 01 06     7  11
-,+  2005 01 17    11   4
+,-  2005 01 21     4   7
-,+  2005 01 28     7   9
+,-  2005 02 06     9   8
-,+  2005 02 23     7  10
+,-  2005 03 05    10   9
-,+  2005 03 23     7  10
+,-  2005 04 02    10  18
-,+  2005 04 20    18   9
+,-  2005 04 29     9   7
-,+  2005 05 14     6   6
+,-  2005 06 04     4   8
-,+  2005 06 12     8  10
+,-  2005 06 22    10   6
-,+  2005 07 10     9   8
+,-  2005 07 18     8   8
-,+  2005 08 03     6  10
+,-  2005 08 13    10   9
-,+  2005 09 01     8   9
+,-  2005 09 10     9   6
-,+  2005 09 16     6   8
+,-  2005 10 07    11   8
-,+  2005 10 15     8   6
+,-  2005 10 21     6   4
-,+  2005 10 25     4   8
+,-  2005 11 02     8   9
-,+  2005 11 11     9   7
+,-  2005 11 18     7   4
-,+  2005 11 22     4   6
+,-  2005 11 28     6  10
-,+  2005 12 08    10  15
-,+  2006 01 03     7   9
+,-  2006 01 23     9   9
-,+  2006 02 01     9   6
+,-  2006 02 19    10   9
-,+  2006 02 28     9   5
+,-  2006 03 05     5   4
-,+  2006 03 09     4   9
+,-  2006 03 18     9   9
-,+  2006 03 27     9  17
+,-  2006 04 13    17   8
-,+  2006 04 21     8   5
+,-  2006 05 10     4   7
-,+  2006 05 17     7   8
+,-  2006 05 25     8   6
-,+  2006 05 31     6   5
+,-  2006 06 05     5   9
-,+  2006 06 14     9  10
-,+  2006 07 11     7  11
+,-  2006 07 30     6   7
-,+  2006 08 06     7   7
+,-  2006 08 13     7   4
-,+  2006 08 17     4  10
+,-  2006 08 27    10   5
-,+  2006 09 01     5   8
+,-  2006 09 09     8   8
-,+  2006 09 17     8   6
+,-  2006 09 23     6   7
-,+  2006 09 30     7   7
+,-  2006 10 07     7   4
-,+  2006 10 11     4   8
+,-  2006 10 19     8   8
-,+  2006 10 27     8   8
+,-  2006 11 04     8   6
-,+  2006 11 10     6   5
+,-  2006 11 15     5   7
-,+  2006 11 22     7   7
+,-  2006 11 29     7   6
-,+  2006 12 05     6   4
+,-  2006 12 09     4   8
-,+  2006 12 17     8  12
+,-  2006 12 29    12   4
-,+  2007 01 02     4   6
+,-  2007 01 08     6   7
-,+  2007 01 15     7  11
+,-  2007 02 04     6   9
-,+  2007 02 13     9   9
+,-  2007 02 22     9   4
-,+  2007 02 26     4   6
+,-  2007 03 04     6   8
-,+  2007 03 12     8  10
+,-  2007 04 01     7   8
-,+  2007 04 09     8   8
+,-  2007 04 17     8   5
-,+  2007 04 22     5   5
+,-  2007 04 27     5  11
-,+  2007 05 08    11   6
+,-  2007 05 14     6   4
-,+  2007 05 18     4   4
+,-  2007 05 22     4  11
-,+  2007 06 02    11   6
+,-  2007 06 08     6   6
-,+  2007 06 14     6   7
+,-  2007 06 21     7   8
-,+  2007 06 29     8   4
+,-  2007 07 03     4   8
-,+  2007 07 11     8   8
+,-  2007 07 19     8   8
-,+  2007 08 06     8   9
+,-  2007 08 15     9  17
-,+  2007 09 01    17  11
+,-  2007 09 12    11  16
-,+  2007 09 28    16  13
+,-  2007 10 11    13   9
+,-  2007 11 06    12  15
-,+  2007 11 21    15  12
+,-  2007 12 03    12  14
-,+  2007 12 17    14   8
-,+  2008 01 12     7  19
+,-  2008 01 31    19   7
-,+  2008 02 07     7  21
+,-  2008 02 28    21   9
-,+  2008 03 08     9  18
+,-  2008 03 26    18   8
-,+  2008 04 03     8  19
+,-  2008 04 22    19   9
-,+  2008 05 01     9   9
+,-  2008 05 19     7   9
-,+  2008 05 28     9   9
+,-  2008 06 06     9   6
-,+  2008 06 25    11   9
+,-  2008 07 04     9  17
-,+  2008 07 21    17   9
+,-  2008 07 30     9   6
-,+  2008 08 17    11   7
+,-  2008 08 24     7  21
-,+  2008 09 14    21   6
+,-  2008 09 20     6  21
-,+  2008 10 11    21   7
+,-  2008 10 18     7  20
-,+  2008 11 07    20   7
+,-  2008 11 14     7   8
-,+  2008 12 04    10   7
+,-  2008 12 11     7   7
-,+  2008 12 18     7   4
+,-  2008 12 22     4   8
-,+  2008 12 30     8   9
+,-  2009 01 08     9   6
-,+  2009 01 24     8  10
+,-  2009 02 03    10   7
-,+  2009 02 10     7   4
+,-  2009 02 14     4   6
-,+  2009 02 20     6  18
+,-  2009 03 10    18   8
-,+  2009 03 18     8  16
-,+  2009 04 17    10  14
-,+  2009 05 14     8   4
+,-  2009 05 26     6   5
-,+  2009 06 10     7   5
+,-  2009 06 21     5  16
-,+  2009 07 13     4   7
+,-  2009 07 20     7  14
-,+  2009 08 11     6   6
+,-  2009 08 17     6  21
-,+  2009 10 24    13   8
+,-  2009 11 01     8  17
-,+  2009 11 24     4  11
+,-  2009 12 05    11  16
-,+  2009 12 21    16  16
+,-  2010 01 06    16   4
-,+  2010 01 18     7  13
+,-  2010 01 31    13  16
-,+  2010 02 16    16  13
+,-  2010 03 01    13  14
-,+  2010 03 15    14  14
+,-  2010 03 29    14  15
-,+  2010 04 13    15   6
+,-  2010 04 28     6  13
-,+  2010 05 11    13   6
+,-  2010 05 26     7  12
-,+  2010 06 07    12   6
+,-  2010 06 25     9  14
-,+  2010 08 09    17   4
+,-  2010 08 20     5  17
-,+  2010 11 08     4   4
+,-  2010 11 12     4  17
-,+  2010 11 29    17   8
-,+  2010 12 24    14   9
-,+  2011 01 18    12   6
+,-  2011 01 24     6   6
-,+  2011 02 15    14   5
+,-  2011 02 20     5   4
-,+  2011 03 12    13   8
+,-  2011 04 02    10   9
-,+  2011 04 11     9   5
+,-  2011 04 29    12  11
-,+  2011 05 10    11  16
+,-  2011 05 26    16  17
-,+  2011 06 12    17  10
+,-  2011 06 22    10  17
-,+  2011 07 09    17   9
+,-  2011 07 18     9  19
-,+  2011 08 06    19   8
+,-  2011 08 14     8  20
-,+  2011 09 03    20   6
+,-  2011 09 09     6   9
-,+  2011 09 27     8  10
-,+  2011 10 30    20   7
+,-  2011 11 06     7  21
-,+  2011 11 30    21   8
+,-  2011 12 08     8  10
+,-  2012 01 06     5   7
-,+  2012 01 25    10   8
+,-  2012 02 02     8  20
-,+  2012 02 22    20   8
+,-  2012 03 01     8   6
-,+  2012 03 07     6   6
+,-  2012 03 13     6  10
-,+  2012 03 23    10   4
+,-  2012 03 27     4   9
-,+  2012 04 05     9   4
+,-  2012 04 09     4  11
-,+  2012 05 03    10   5
+,-  2012 05 08     5  10
-,+  2012 05 29     8   4
+,-  2012 06 02     4  10
-,+  2012 06 12    10   6
+,-  2012 06 18     6   6
-,+  2012 06 24     6   6
+,-  2012 06 30     6   7
-,+  2012 07 23     9   6
+,-  2012 07 29     6   8
-,+  2012 08 06     8   6
+,-  2012 08 12     6   7
-,+  2012 08 19     7   5
+,-  2012 08 24     5   8
-,+  2012 09 01     8   4
-,+  2012 10 13     5   4
+,-  2012 10 17     4   6
-,+  2012 10 23     6   7
+,-  2012 10 30     7   5
-,+  2012 11 17    10   7
+,-  2012 11 24     7  15
+,-  2012 12 23    10  11
-,+  2013 01 11     5   6
-,+  2013 02 06    12   6
+,-  2013 02 20     7  13
-,+  2013 03 05    13  12
+,-  2013 03 17    12   7
-,+  2013 04 08    12   7
+,-  2013 04 24     7  11
-,+  2013 05 05    11   9
-,+  2013 06 01    14   8
+,-  2013 06 15     5  14
-,+  2013 06 29    14   7
-,+  2013 07 26     9   7
+,-  2013 08 09     5   4
-,+  2013 08 21     7   7
-,+  2013 09 18     8   6
+,-  2013 09 30     4   6
-,+  2013 10 06     6   6
+,-  2013 10 21     6  13
-,+  2013 11 03    13   4
+,-  2013 11 14     4  13
-,+  2013 11 27    13  16
+,-  2013 12 13    16  10
-,+  2013 12 23    10  18
+,-  2014 01 10    18   9
-,+  2014 01 19     9  13
+,-  2014 02 08     4   6
+,-  2014 02 28     5   4
-,+  2014 03 04     4   6
+,-  2014 03 18     5   4
-,+  2014 03 31     6   6
-,+  2014 04 29     9   4
-,+  2014 05 14     6   8
+,-  2014 05 22     8   6
-,+  2014 05 28     6   6
+,-  2014 06 03     6   7
-,+  2014 06 10     7   6
+,-  2014 06 16     6   9
-,+  2014 06 25     9   8
+,-  2014 07 03     8   5
-,+  2014 07 08     5   6
+,-  2014 07 14     6  10
-,+  2014 07 24    10   4
+,-  2014 07 28     4   4
-,+  2014 08 01     4   9
+,-  2014 08 10     9   5
-,+  2014 08 15     5   9
+,-  2014 08 24     9   4
-,+  2014 08 28     4   9
+,-  2014 09 06     9   5
-,+  2014 09 22     9  13
-,+  2014 10 19     8  11
+,-  2014 10 30    11  15
-,+  2014 11 14    15  13
+,-  2014 11 27    13  15
-,+  2014 12 12    15  11
+,-  2014 12 23    11  15
-,+  2015 01 07    15  14
+,-  2015 01 21    14  16
-,+  2015 02 06    16   9
+,-  2015 02 15     9   9
-,+  2015 03 05     6  10
+,-  2015 03 15    10   8
-,+  2015 03 23     8   4
+,-  2015 03 27     4   5
-,+  2015 04 01     5   9
+,-  2015 04 10     9  12
-,+  2015 04 22    12   5
-,+  2015 05 17     6   6
+,-  2015 05 23     6   5
-,+  2015 05 28     5  10
+,-  2015 06 07    10   5
-,+  2015 06 12     5  12
+,-  2015 07 04     6   7
-,+  2015 07 11     7  19
+,-  2015 07 30    19   7
-,+  2015 08 06     7  21
+,-  2015 08 27    21   7
-,+  2015 09 03     7   5
+,-  2015 09 22    12  10
-,+  2015 10 02    10  13
-,+  2015 10 23     4   5
+,-  2015 10 28     5   6
-,+  2015 11 03     6  15
+,-  2015 11 18    15  12
-,+  2015 11 30    12  14
+,-  2015 12 14    14  14
-,+  2015 12 28    14   4
+,-  2016 01 11     8   6
-,+  2016 01 28     9  10
+,-  2016 02 07    10   6
-,+  2016 02 26    11   9
+,-  2016 03 06     9   6
-,+  2016 03 22     7  11
+,-  2016 04 02    11   6
-,+  2016 04 08     6   4
+,-  2016 04 12     4   6
-,+  2016 04 18     6  12
+,-  2016 04 30    12  15
-,+  2016 05 15    15  12
+,-  2016 05 27    12  15
-,+  2016 06 11    15  11
+,-  2016 06 22    11   9
-,+  2016 07 07     4  13
+,-  2016 07 20    13  14
-,+  2016 08 03    14  14
+,-  2016 08 17    14   6
-,+  2016 08 30     4  17
+,-  2016 09 16    17  10
-,+  2016 09 26    10  14
+,-  2016 10 10    14  13
-,+  2016 10 23    13   9
+,-  2016 11 10     8  10
-,+  2016 11 20    10  15
+,-  2016 12 05    15  12
-,+  2016 12 17    12  15
+,-  2017 01 01    15  14
-,+  2017 01 15    14  15
+,-  2017 01 30    15  15
-,+  2017 02 14    15  13
+,-  2017 02 27    13  16
-,+  2017 03 15    16  13
+,-  2017 03 28    13   7
-,+  2017 04 17    12   4
+,-  2017 04 21     4  10
-,+  2017 05 28    10   4
-,+  2017 06 12     5   4
+,-  2017 06 16     4   7
-,+  2017 06 23     7  10
+,-  2017 07 03    10   6
-,+  2017 07 09     6   7
+,-  2017 07 16     7   4
-,+  2017 07 20     4  12
+,-  2017 08 11     7   5
-,+  2017 08 16     5   5
+,-  2017 09 07    14   5
+,-  2017 10 03     6   8
-,+  2017 10 11     8  10
+,-  2017 10 21    10   4
-,+  2017 10 25     4   6
+,-  2017 10 31     6   7
-,+  2017 11 07     7  12
+,-  2017 11 26     6   9
-,+  2017 12 05     9  18
+,-  2017 12 23    18   9
-,+  2018 01 01     9   4
+,-  2018 01 19     6  10
-,+  2018 02 04     4   9
+,-  2018 02 13     9  20
-,+  2018 03 05    20   8
+,-  2018 03 13     8  16
-,+  2018 03 29    16  11
+,-  2018 04 09    11  17
-,+  2018 04 26    17   9
+,-  2018 05 05     9  18
-,+  2018 05 23    18   8
+,-  2018 05 31     8  18
-,+  2018 06 18    18   7
+,-  2018 06 25     7   8
+,-  2018 07 24    18   8
-,+  2018 08 01     8   4
+,-  2018 08 19     6   7
-,+  2018 08 26     7   4
-,+  2018 09 10     4   7
+,-  2018 09 17     7   8
-,+  2018 09 25     8   8
+,-  2018 10 03     8   4
-,+  2018 10 07     4   6
+,-  2018 10 13     6   9
-,+  2018 11 05    11   4
+,-  2018 11 09     4  21
-,+  2018 12 02    21   5
+,-  2018 12 07     5  21
-,+  2018 12 28    21   7
+,-  2019 01 04     7  19
-,+  2019 01 23    19   8
+,-  2019 01 31     8  21
-,+  2019 02 21    21   6
+,-  2019 02 27     6  19
-,+  2019 03 18    19   7
+,-  2019 03 25     7  21
-,+  2019 04 19    21   5
+,-  2019 04 24     5  21
-,+  2019 05 16    21   6
+,-  2019 05 22     6  21
-,+  2019 06 13    21   6
-,+  2019 07 10     6   8
+,-  2019 07 18     8  10
-,+  2019 08 04     5  14
+,-  2019 08 18    14   4
-,+  2019 08 31     6  16
+,-  2019 09 23     5   5
-,+  2019 09 28     5  10
-,+  2019 10 25     6   5
+,-  2019 10 30     5   5
-,+  2019 11 04     5   5
+,-  2019 11 09     5   5
-,+  2019 11 19     4   7
+,-  2019 11 26     7   5
-,+  2019 12 18    15   7
+,-  2019 12 25     7  20
-,+  2020 01 14    20   5
+,-  2020 01 19     5  21
-,+  2020 02 11    21   4
+,-  2020 02 15     4  21
-,+  2020 05 15     4   4
+,-  2020 05 19     4   9
-,+  2020 06 08     9  12
+,-  2020 06 20    12   4
-,+  2020 07 03     7  20
+,-  2020 07 23    20   8
-,+  2020 07 31     8  14
+,-  2020 08 21     6   5
-,+  2020 08 26     5  14
+,-  2020 10 06    14  13
+,-  2020 11 05     5  12
-,+  2020 11 17    12  12
+,-  2020 11 29    12   7
-,+  2020 12 16     8  11
+,-  2020 12 27    11   8
